1,    R.BA6.9,53,5,22
2,    R.BA8.2,15,32,50
3,    R.BA11.4,11,53,-16
4,    R.BA1.2,35,-24,57
5,    R.BA40.4,57,-20,31
6,    R.BA10.4,29,52,-5
7,    R.BA6.4,26,-9,60
8,    R.BA7.7,31,-37,47
9,    R.BA8.4,25,17,46
10,    R.BA21.2,55,-14,-20
11,    R.BA50.1,5,-13,7
12,    R.BA18.3,9,-76,-1
13,  No_BA_region,13,-54,-42
14,    R.BA17.1,8,-87,11
15,    R.BA41.1,37,-22,15
16,    R.BA7.1,6,-67,42
17,    R.BA40.5,58,-34,30
18,    R.BA40.1,48,-29,18
19,    R.BA21.3,58,-29,-12
20,    R.BA46.1,46,37,13
21,    R.BA31.1,6,-54,31
22,    R.BA11.3,8,24,-19
23,    R.BA19.7,47,-71,9
24,    R.BA39.2,48,-59,34
25,    R.BA48.1,12,17,4
26,    R.BA20.2,46,0,-29
27,    R.BA32.1,6,11,30
28,    R.BA4.1,45,-15,42
29,    R.BA7.6,24,-46,61
30,    R.BA36.1,11,-43,-17
31,  No_BA_region,31,-49,-41
32,    R.BA1.1,19,-29,64
33,    R.BA21.4,62,-40,0
34,    R.BA6.8,52,-2,35
35,    R.BA37.8,54,-56,0
36,    R.BA19.2,19,-77,37
37,    R.BA10.2,13,60,0
38,  No_BA_region,28,-78,-29
39,    R.BA19.5,43,-73,27
40,    R.BA39.1,33,-67,38
41,    R.BA7.2,6,-52,50
42,    R.BA54.2,30,-36,0
43,    R.BA13.1,34,15,-6
44,    R.BA22.3,62,-29,12
45,    R.BA7.3,7,-40,62
46,    R.BA9.2,14,48,36
47,    R.BA23.1,6,-42,19
48,    R.BA23.4,12,-55,16
49,  No_BA_region,6,-39,-37
50,    R.BA1.4,59,-9,23
51,    R.BA22.1,55,-17,-3
52,    R.BA48.2,14,0,17
53,    R.BA17.2,10,-71,12
54,    R.BA32.2,7,30,17
55,    R.BA31.2,9,-28,45
56,    R.BA41.2,55,-13,11
57,    R.BA1.3,42,-26,38
58,    R.BA50.2,8,-25,-7
59,    R.BA6.1,5,12,53
60,    R.BA7.5,23,-66,49
61,    R.BA37.3,33,-55,-22
62,    R.BA21.1,50,-32,3
63,    R.BA8.6,42,12,46
64,    R.BA6.3,17,9,60
65,    R.BA11.2,6,41,-17
66,    R.BA20.3,46,-53,-33
67,    R.BA10.5,32,49,12
68,    R.BA18.1,6,-52,-6
69,    R.BA9.1,6,45,21
70,    R.BA38.1,29,0,-32
71,    R.BA24.1,7,-6,43
72,    R.BA8.5,37,29,41
73,    R.BA37.4,33,-69,-14
74,    R.BA47.1,18,12,-15
75,    R.BA39.4,58,-47,24
76,  No_BA_region,20,-68,-40
77,    R.BA54.1,27,-19,-11
78,    R.BA47.3,43,24,-11
79,  No_BA_region,7,-59,-28
80,    R.BA7.4,21,-56,55
81,    R.BA10.1,8,42,2
82,    R.BA13.2,39,4,4
83,    R.BA22.2,56,0,2
84,    R.BA18.2,8,-76,26
85,    R.BA6.5,29,1,51
86,    R.BA37.7,47,-72,-24
87,    R.BA37.6,43,-57,-9
88,    R.BA9.4,37,37,26
89,    R.BA38.3,50,1,-13
90,    R.BA37.9,54,-48,-14
91,    R.BA45.1,35,19,8
92,    R.BA23.3,7,-18,30
93,    R.BA13.3,40,-6,14
94,    R.BA40.3,51,-46,40
95,    R.BA39.3,48,-57,17
96,    R.BA18.5,23,-90,-3
97,    R.BA37.1,25,-49,-7
98,    R.BA49.2,29,-8,-1
99,    R.BA13.4,41,-11,0
100,    R.BA40.2,49,-31,49
101,    R.BA8.3,22,31,33
102,    R.BA19.6,43,-75,-5
103,    R.BA47.4,52,25,3
104,  No_BA_region,12,-66,-15
105,    R.BA6.2,7,-11,61
106,    R.BA19.4,28,-80,22
107,    R.BA9.5,50,23,27
108,    R.BA19.3,24,-70,-3
109,    R.BA37.5,40,-34,-16
110,    R.BA18.4,20,-84,-17
111,    R.BA44.2,52,13,12
112,    R.BA20.1,36,-16,-25
113,    R.BA37.2,28,-36,-20
114,    R.BA55.1,8,1,-4
115,  No_BA_region,7,-23,-26
116,    R.BA6.6,39,4,32
117,    R.BA19.1,14,-58,0
118,    R.BA50.3,15,-30,15
119,    R.BA11.1,5,30,-6
120,    R.BA18.7,40,-84,8
121,    R.BA18.6,25,-94,9
122,    R.BA37.10,54,-44,11
123,    R.BA38.2,37,12,-24
124,    R.BA44.1,36,17,29
125,    R.BA7.8,38,-50,45
126,  No_BA_region,40,-69,-38
127,    R.BA17.3,26,-58,10
128,    R.BA49.1,24,5,1
129,    R.BA10.6,43,43,-2
130,  No_BA_region,11,-81,-27
131,    R.BA10.3,13,58,17
132,    R.BA31.3,17,-63,27
133,    R.BA53.1,25,-2,-16
134,    R.BA47.2,26,33,-13
135,    R.BA23.2,6,-39,37
136,    R.BA36.2,15,-43,3
137,    R.BA9.3,24,48,25
138,    R.BA8.1,6,30,37
139,    R.BA6.7,44,-5,49
140,    L.BA10.1,-38,42,26
141,  No_BA_region,-11,-52,-40
142,  No_BA_region,-26,-79,-31
143,    L.BA9.1,-45,26,24
144,    L.BA55.1,-4,-24,-9
145,    L.BA44.1,-52,15,14
146,    L.BA7.8,-6,-55,52
147,    L.BA37.2,-53,-59,-2
148,    L.BA1.2,-40,-23,53
149,    L.BA49.1,-23,4,2
150,  No_BA_region,-36,-80,-20
151,    L.BA49.2,-10,4,-6
152,    L.BA23.2,-4,-17,29
153,    L.BA18.2,-20,-91,15
154,    L.BA4.1,-57,-9,28
155,    L.BA50.3,-3,-10,8
156,    L.BA17.1,-22,-64,11
157,    L.BA7.3,-27,-40,53
158,  No_BA_region,-4,-21,-27
159,  No_BA_region,-44,-53,-36
160,    L.BA7.1,-35,-49,48
161,    L.BA24.1,-4,27,14
162,    L.BA37.3,-46,-63,-23
163,    L.BA47.4,-25,16,-16
164,    L.BA9.2,-27,36,31
165,    L.BA18.8,-4,-90,15
166,    L.BA40.4,-44,-32,44
167,    L.BA50.2,-10,-26,3
168,    L.BA18.7,-5,-79,2
169,    L.BA45.2,-32,22,4
170,    L.BA11.2,-7,20,-17
171,    L.BA23.1,-8,-56,21
172,    L.BA6.8,-5,12,57
173,    L.BA32.4,-5,12,35
174,  No_BA_region,-20,-65,-40
175,    L.BA19.10,-4,-52,-5
176,    L.BA24.2,-4,4,24
177,    L.BA6.4,-41,9,31
178,    L.BA37.8,-20,-53,-13
179,    L.BA47.1,-44,40,-5
180,    L.BA32.1,-7,30,29
181,    L.BA38.2,-41,8,-26
182,    L.BA32.2,-6,42,17
183,    L.BA41.2,-39,-28,15
184,    L.BA18.5,-7,-95,0
185,    L.BA19.4,-37,-82,15
186,    L.BA31.3,-6,-49,36
187,    L.BA8.4,-3,29,47
188,    L.BA11.1,-9,40,-20
189,    L.BA47.2,-44,19,-8
190,    L.BA7.6,-14,-68,29
191,    L.BA54.2,-27,-38,-1
192,    L.BA39.4,-48,-60,30
193,    L.BA10.2,-32,50,-1
194,    L.BA39.5,-39,-61,44
195,    L.BA40.1,-57,-28,33
196,  No_BA_region,-5,-56,-25
197,    L.BA6.3,-42,4,48
198,    L.BA20.1,-49,-11,-26
199,    L.BA53.1,-23,-5,-15
200,    L.BA10.4,-16,60,3
201,    L.BA37.1,-57,-48,-9
202,    L.BA19.6,-26,-67,-20
203,    L.BA6.6,-24,11,51
204,    L.BA30.1,-6,-42,17
205,    L.BA19.7,-23,-65,-4
206,    L.BA6.1,-53,1,23
207,    L.BA13.3,-35,-12,0
208,    L.BA19.8,-16,-48,2
209,    L.BA47.3,-28,35,-12
210,    L.BA21.4,-54,-27,3
211,  No_BA_region,-27,-49,-41
212,    L.BA21.1,-57,-43,7
213,    L.BA36.1,-32,-15,-24
214,    L.BA19.5,-27,-76,32
215,    L.BA45.1,-51,29,6
216,    L.BA13.2,-36,7,-1
217,    L.BA37.7,-22,-32,-16
218,    L.BA41.1,-55,-11,8
219,  No_BA_region,-39,-70,-36
220,  No_BA_region,-5,-70,-26
221,    L.BA39.2,-51,-44,41
222,    L.BA19.1,-46,-69,5
223,    L.BA19.9,-10,-83,32
224,    L.BA31.1,-8,-40,47
225,    L.BA10.7,-7,47,0
226,    L.BA8.1,-38,24,42
227,    L.BA18.4,-8,-64,7
228,    L.BA8.3,-15,33,48
229,    L.BA39.3,-51,-57,14
230,    L.BA31.2,-8,-22,42
231,    L.BA18.6,-7,-69,-11
232,    L.BA7.5,-15,-71,46
233,    L.BA50.1,-18,-35,15
234,    L.BA21.2,-56,-12,-10
235,    L.BA37.5,-40,-55,-10
236,    L.BA18.3,-19,-84,-9
237,    L.BA22.1,-52,0,2
238,    L.BA21.3,-56,-29,-13
239,  No_BA_region,-7,-35,-29
240,    L.BA7.4,-21,-56,57
241,    L.BA39.1,-54,-49,26
242,    L.BA6.5,-28,-7,54
243,    L.BA37.4,-42,-38,-16
244,    L.BA38.1,-46,0,-12
245,    L.BA40.3,-55,-38,23
246,    L.BA13.1,-39,-11,13
247,    L.BA19.3,-39,-76,-3
248,    L.BA9.3,-10,47,36
249,    L.BA7.9,-3,-67,38
250,    L.BA7.2,-28,-60,36
251,    L.BA8.2,-21,25,40
252,    L.BA37.6,-32,-46,-24
253,    L.BA4.2,-5,-23,58
254,    L.BA1.1,-49,-20,34
255,    L.BA7.7,-12,-39,64
256,  No_BA_region,-11,-83,-22
257,    L.BA18.1,-29,-91,0
258,    L.BA23.3,-4,-33,32
259,    L.BA10.3,-27,48,18
260,    L.BA48.1,-14,-15,20
261,  No_BA_region,-8,-43,-15
262,    L.BA1.3,-22,-24,59
263,    L.BA48.3,-11,18,2
264,    L.BA6.9,-5,-4,45
265,    L.BA38.3,-26,2,-31
266,    L.BA54.1,-28,-20,-9
267,    L.BA10.6,-10,57,20
268,    L.BA40.2,-57,-24,16
269,    L.BA44.2,-35,5,11
270,    L.BA18.9,-3,-75,19
271,    L.BA32.3,-6,32,-7
272,  No_BA_region,-3,-40,-45
273,    L.BA48.2,-12,7,13
274,    L.BA10.5,-12,55,-13
275,    L.BA19.2,-42,-72,24
276,    L.BA46.1,-40,41,11
277,    L.BA6.7,-14,-2,63
278,    L.BA6.2,-45,-8,41
